  
fournode <- list(
  id14 = matrix(c(2,1,3,1,4,1), ncol = 2, byrow = T),
  id28 = matrix(c(3,1,4,1,1,2), ncol = 2, byrow = T),
  id30 = matrix(c(3,1,4,1,1,2,2,1), ncol = 2, byrow = T),
  id74 = matrix(c(2,1,3,2,4,1), ncol = 2, byrow = T),
  id76 = matrix(c(3,1,3,2,4,1), ncol = 2, byrow = T),
  id78 = matrix(c(2,1,3,1,4,1,3,2), ncol = 2, byrow = T),
  id90 = matrix(c(2,1,1,2,3,2,4,1), ncol = 2, byrow = T),
  id92 = matrix(c(1,2,3,1,3,2,4,1), ncol = 2, byrow = T), 
  id94 = matrix(c(1,2,2,1,4,1,3,1,3,2), ncol = 2, byrow = T),
  id204 = matrix(c(3,1,3,2,4,1,4,2), ncol = 2, byrow = T),
  id206 = matrix(c(2,1,3,1,4,1,3,2,4,2), ncol = 2, byrow = T),
  id222 = matrix(c(2,1,3,1,4,1,3,2,4,2,1,2), ncol = 2, byrow = T),
  id280 = matrix(c(1,2,1,3,4,1), ncol = 2, byrow = T),
  id282 = matrix(c(1,2,1,3,4,1,2,1), ncol = 2, byrow = T),
  id286 = matrix(c(1,2,1,3,4,1,2,1,3,1), ncol = 2, byrow = T),
  id328 = matrix(c(1,3,4,1,3,2), ncol = 2, byrow = T),
  id330 = matrix(c(2,1,1,3,4,1,3,2), ncol = 2, byrow = T),
  id332 = matrix(c(4,1,3,2,3,1,1,3), ncol = 2, byrow = T),
  id334 = matrix(c(4,1,3,2,3,1,1,3,2,1), ncol = 2, byrow = T),
  id344 = matrix(c(4,1,3,2,3,1,1,3,1,2), ncol = 2, byrow = T),
  id346 = matrix(c(2,1,1,3,4,1,3,2,1,2), ncol = 2, byrow = T),
  id348 = matrix(c(4,1,3,2,3,1,1,3,1,2), ncol = 2, byrow = T),
  id350 = matrix(c(4,1,3,2,3,1,1,3,2,1,1,2), ncol = 2, byrow = T),
  id390 = matrix(c(2,1,1,3,3,1,4,2), ncol = 2, byrow = T),
  id392 = matrix(c(1,3,4,1,4,2), ncol = 2, byrow = T),
  id394 = matrix(c(2,1,1,3,4,1,4,2), ncol = 2, byrow = T),
  id396 = matrix(c(3,1,1,3,4,1,4,2), ncol = 2, byrow = T),
  id398 = matrix(c(2,1,1,3,3,1,4,2,4,1), ncol = 2, byrow = T),
  id404 = matrix(c(1,3,3,1,1,2,4,2), ncol = 2, byrow = T),
  id406 = matrix(c(1,3,3,1,1,2,2,1,4,2), ncol = 2, byrow = T),
  id408 = matrix(c(1,3,2,1,4,1,4,2), ncol = 2, byrow = T),
  id410 = matrix(c(2,1,1,3,4,2,4,1,1,2), ncol = 2, byrow = T),
  id412 = matrix(c(1,2,3,1,1,3,4,1,4,2), ncol = 2, byrow = T),
  id414 = matrix(c(1,2,3,1,1,3,4,1,4,2,2,1), ncol = 2, byrow = T),
  id454 = matrix(c(2,1,1,3,3,1,3,2,4,2), ncol = 2, byrow = T),
  id456 = matrix(c(1,3,4,1,2,3,4,2), ncol = 2, byrow = T),
  id458 = matrix(c(1,3,2,1,4,1,4,2,3,2), ncol = 2, byrow = T),
  id460 = matrix(c(1,3,3,1,4,1,4,2,3,2), ncol = 2, byrow = T),
  id462 = matrix(c(2,1,1,3,3,1,3,2,4,1,4,2), ncol = 2, byrow = T),
  id468 = matrix(c(1,2,1,3,3,1,3,2,4,2), ncol = 2, byrow = T),
  id470 = matrix(c(1,3,3,1,1,2,2,1,3,2,4,1,4,2), ncol = 2, byrow = T),
  id472 = matrix(c(1,3,1,2,4,1,4,2,3,2), ncol = 2, byrow = T),
  id474 = matrix(c(1,3,1,2,2,1,3,2,4,1,4,2), ncol = 2, byrow = T),
  id476 = matrix(c(1,3,3,1,1,2,3,2,4,1,4,2), ncol = 2, byrow = T),
  id478 = matrix(c(1,3,3,1,1,2,2,1,3,2,4,1,4,2), ncol = 2, byrow = T),
  id856 = matrix(c(1,3,1,2,2,3,3,2,4,1), ncol = 2, byrow = T),
  id858 = matrix(c(1,3,1,2,2,1,2,3,3,2,4,1), ncol = 2, byrow = T),
  id862 = matrix(c(1,3,3,1,1,2,2,1,2,3,3,2,4,1), ncol = 2, byrow = T),
  id904 = matrix(c(1,3,2,3,4,1,4,2), ncol = 2, byrow = T),
  id906 = matrix(c(1,3,2,1,2,3,4,1,4,2), ncol = 2, byrow = T),
  id908 = matrix(c(1,3,3,1,4,1,4,2,2,3), ncol = 2, byrow = T),
  id910 = matrix(c(1,3,3,1,2,1,2,3,4,1,4,2), ncol = 2, byrow = T),
  id922 = matrix(c(1,3,1,2,2,1,2,3,4,1,4,2), ncol = 2, byrow = T),
  id924 = matrix(c(1,3,3,1,1,2,2,3,4,1,4,2), ncol = 2, byrow = T),
  id926 = matrix(c(1,3,3,1,1,2,2,1,4,1,4,2,2,3), ncol = 2, byrow = T),
  id972 = matrix(c(1,3,3,1,2,3,3,2,4,1,4,2), ncol = 2, byrow = T),
  id974 = matrix(c(1,3,3,1,2,1,2,3,3,2,4,1,4,2), ncol = 2, byrow = T),
  id990 = matrix(c(1,3,3,1,1,2,2,1,2,3,3,2,4,1,4,2), ncol = 2, byrow = T),
  id2184 = matrix(c(4,1,4,2,4,3), ncol = 2, byrow = T),
  id2186 = matrix(c(4,1,4,2,4,3,2,1), ncol = 2, byrow = T),
  id2190 = matrix(c(4,1,4,2,4,3,2,1,3,1), ncol = 2, byrow = T),
  id2202 = matrix(c(1,2,2,1,4,1,4,2,4,3), ncol = 2, byrow = T),
  id2204 = matrix(c(3,1,1,2,4,1,4,2,4,3), ncol = 2, byrow = T),
  id2206 = matrix(c(1,2,2,1,3,1,4,1,4,2,4,3), ncol = 2, byrow = T),
  id2252 = matrix(c(3,1,3,2,4,1,4,2,4,3), ncol = 2, byrow = T),
  id2254 = matrix(c(3,1,2,1,3,2,4,1,4,2,4,3), ncol = 2, byrow = T),
  id2270 = matrix(c(1,2,2,1,3,1,3,2,4,1,4,2,4,3), ncol = 2, byrow = T),
  id2458 = matrix(c(1,2,2,1,1,3,4,1,4,2,4,3), ncol = 2, byrow = T),
  id2462 = matrix(c(1,3,3,1,1,2,2,1,4,1,4,2,4,3), ncol = 2, byrow = T),
  id2506 = matrix(c(1,3,2,1,3,2,4,1,4,2,4,3), ncol = 2, byrow = T),
  id2510 = matrix(c(1,3,3,1,2,1,3,2,4,1,4,2,4,3), ncol = 2, byrow = T),
  id2524 = matrix(c(1,2,1,3,3,1,3,2,4,1,4,2,4,3), ncol = 2, byrow = T),
  id2526 = matrix(c(1,2,2,1,1,3,3,1,3,2,4,1,4,2,4,3), ncol = 2, byrow = T),
  id3038 = matrix(c(1,2,2,1,1,3,3,1,3,2,2,3,4,1,4,2,4,3), ncol = 2, byrow = T),
  id4370 = matrix(c(1,3,1,2,2,1,4,1), ncol = 2, byrow = T),
  id4374 = matrix(c(1,3,3,1,1,2,2,1,4,1), ncol = 2, byrow = T),
  id4382 = matrix(c(1,2,2,1,1,3,3,1,1,4,4,1), ncol = 2, byrow = T),
  id4418 = matrix(c(1,3,2,1,1,4,3,2), ncol = 2, byrow = T),
  id4420 = matrix(c(1,3,3,1,3,2,1,4), ncol = 2, byrow = T),
  id4422 = matrix(c(1,3,3,1,3,2,2,1,1,4), ncol = 2, byrow = T),
  id4424 = matrix(c(1,3,3,2,4,1,1,4), ncol = 2, byrow = T),
  id4426 = matrix(c(1,3,2,1,3,2,1,4,4,1), ncol = 2, byrow = T),
  id4428 = matrix(c(1,3,3,1,1,4,4,1,3,2), ncol = 2, byrow = T),
  id4430 = matrix(c(1,3,3,1,2,1,1,4,4,1,3,2), ncol = 2, byrow = T),
  id4434 = matrix(c(3,1,1,2,2,1,1,4,3,2), ncol = 2, byrow = T),
  id4436 = matrix(c(1,3,3,1,1,2,1,4,3,2), ncol = 2, byrow = T),
  id4438 = matrix(c(1,2,2,1,1,3,3,1,3,2,1,4), ncol = 2, byrow = T),
  id4440 = matrix(c(1,3,1,2,1,4,4,1,3,2), ncol = 2, byrow = T),
  id4442 = matrix(c(1,3,1,2,2,1,1,4,4,1,3,2), ncol = 2, byrow = T),
  id4444 = matrix(c(1,3,3,1,1,4,4,1,1,2,3,2), ncol = 2, byrow = T),
  id4446 = matrix(c(1,3,3,1,1,4,4,1,1,2,2,1,3,2), ncol = 2, byrow = T),
  id4546 = matrix(c(1,3,2,1,1,4,4,2,3,2), ncol = 2, byrow = T),
  id4548 = matrix(c(1,3,3,1,1,4,3,2,4,2), ncol = 2, byrow = T),
  id4550 = matrix(c(1,3,3,1,2,1,1,4,3,2,4,2), ncol = 2, byrow = T),
  id4556 = matrix(c(1,3,3,1,1,4,3,2,4,2,4,1), ncol = 2, byrow = T),
  id4558 = matrix(c(1,3,3,1,1,4,4,1,4,2,2,1,3,2), ncol = 2, byrow = T),
  id4562 = matrix(c(1,3,1,2,2,1,3,2,4,2,1,4), ncol = 2, byrow = T),
  id4564 = matrix(c(1,3,3,1,1,2,1,4,3,2,4,2), ncol = 2, byrow = T),
  id4566 = matrix(c(1,3,3,1,1,2,2,1,3,2,4,2,1,4), ncol = 2, byrow = T),
  id4572 = matrix(c(1,3,3,1,1,2,3,2,4,2,1,4,4,1), ncol = 2, byrow = T),
  id4574 = matrix(c(1,2,2,1,1,3,3,1,1,4,4,1,3,2,4,2), ncol = 2, byrow = T),
  id4678 = matrix(c(3,1,2,1,1,4,3,2,2,3), ncol = 2, byrow = T),
  id4682 = matrix(c(2,1,1,4,4,1,2,3,3,2), ncol = 2, byrow = T),
  id4686 = matrix(c(3,1,2,1,1,4,4,1,2,3,3,2), ncol = 2, byrow = T),
  id4692 = matrix(c(3,1,1,2,1,4,2,3,3,2), ncol = 2, byrow = T),
  id4694 = matrix(c(1,2,2,1,1,4,2,3,3,2,3,1), ncol = 2, byrow = T),
  id4698 = matrix(c(1,2,2,1,2,3,3,2,1,4,4,1), ncol = 2, byrow = T),
  id4700 = matrix(c(3,1,1,2,1,4,4,1,2,3,3,2), ncol = 2, byrow = T),
  id4702 = matrix(c(3,1,1,2,2,1,1,4,4,1,2,3,3,2), ncol = 2, byrow = T),
  id4740 = matrix(c(3,1,4,2,1,4,2,3), ncol = 2, byrow = T),
  id4742 = matrix(c(3,1,4,2,1,4,2,3,2,1), ncol = 2, byrow = T),
  id4748 = matrix(c(3,1,4,2,1,4,2,3,4,1), ncol = 2, byrow = T),
  id4750 = matrix(c(3,1,2,1,1,4,4,1,2,3,4,2), ncol = 2, byrow = T),
  id4758 = matrix(c(1,2,2,1,3,1,4,2,2,3,1,4), ncol = 2, byrow = T),
  id4764 = matrix(c(1,2,3,1,2,3,1,4,4,1,4,2), ncol = 2, byrow = T),
  id4766 = matrix(c(1,2,2,1,1,4,4,1,3,1,2,3,4,2), ncol = 2, byrow = T),
  id4812 = matrix(c(3,1,4,2,1,4,4,1,2,3,3,2), ncol = 2, byrow = T),
  id4814 = matrix(c(3,1,4,2,1,4,4,1,2,3,3,2,2,1), ncol = 2, byrow = T),
  id4830 = matrix(c(3,1,4,2,1,4,4,1,2,3,3,2,2,1,1,2), ncol = 2, byrow = T),
  id4946 = matrix(c(1,2,2,1,1,3,1,4,2,3,3,2), ncol = 2, byrow = T),
  id4950 = matrix(c(1,2,2,1,1,3,3,1,2,3,3,2,1,4), ncol = 2, byrow = T),
  id4952 = matrix(c(1,2,1,3,1,4,4,1,2,3,3,2), ncol = 2, byrow = T),
  id4954 = matrix(c(1,2,1,3,1,4,4,1,2,3,3,2,2,1),